47,108
47,107
47,106
47,105
47,104
47,103
47,102
47,101
47,100
47,99
47,98
47,97
47,96
47,95
47,94
47,93
47,92
47,91
47,90
47,89
47,88
47,87
47,86
47,85
47,84
47,83
47,82
47,81
47,80
47,79
47,78
47,77
47,76
47,75
47,74
47,73
47,72
47,71
47,70
47,69
47,68
47,67
47,66
47,65
47,64
47,36
47,35
47,34
47,33
47,32
47,31
47,30
47,29
47,28
47,27
47,26
47,25
47,24
47,23
47,22
47,21
47,20
47,19
47,18
47,17
47,16
47,15
47,14
47,13
47,12
47,11
47,10
47,9
47,8
47,7
47,5
47,1
47,4
47,6
47,3
10,180
10,215
10,224
10,168
10,235
10,274
10,292
20,3
20,2
20,1
19,3
19,2
19,1
12,3
12,2
12,1
11,27
11,26
11,25
11,24
11,23
11,22
11,21
11,20
11,19
11,18
11,17
11,16
11,15
11,14
11,13
11,11
11,9
11,7
11,5
11,3
11,2
11,1
10,300
10,294
10,283
10,278
10,261
10,222
10,209
10,193
10,191
18,1
10,190
18,3
10,171
10,151
14,1
14,3
10,147
13,1
10,138
13,3
10,131
10,121
10,113
10,92
10,91
10,76
10,74
10,10
10,3
10,2
10,1
9,7
9,6
9,5
9,4
9,3
9,2
9,1
8,18
8,17
8,15
8,13
8,12
8,11
8,10
8,8
8,7
8,6
8,5
8,4
8,3
8,2
8,1
3,3
3,2
3,1
2,3
2,2
2,1
0,9
0,0
51,34
51,33
51,32
51,31
51,30
51,29
51,28
51,27
51,26
51,25
51,24
51,23
51,22
51,21
51,20
51,19
51,18
51,17
51,16
51,15
