47,106
47,105
47,104
47,103
47,102
47,101
47,100
47,99
47,98
47,97
47,96
47,95
47,94
47,93
47,92
47,91
47,90
47,89
47,88
47,87
47,86
47,85
47,84
47,83
47,82
47,81
47,80
47,79
47,78
47,77
47,76
47,75
47,74
47,73
47,72
47,71
47,70
47,69
47,68
47,67
47,66
47,65
47,64
47,36
47,35
47,34
47,33
47,32
47,31
47,30
47,29
47,28
47,27
47,26
47,25
47,24
47,23
47,22
47,21
47,20
47,19
47,18
47,17
47,16
47,15
47,14
47,13
47,12
47,11
47,10
47,9
47,8
47,7
47,5
47,1
47,4
47,6
47,3
10,79
10,104
10,149
10,16
10,97
10,5
10,239
10,92
11,21
11,11
8,10
8,18
20,3
20,2
20,1
19,3
19,2
19,1
14,2
13,2
12,3
12,2
12,1
11,27
11,26
11,25
11,24
11,22
11,20
11,19
11,18
11,17
11,16
11,15
11,14
11,12
11,10
11,8
11,7
11,6
11,5
11,4
11,3
11,2
11,1
10,298
10,297
10,295
10,292
10,284
10,283
10,281
10,275
10,270
10,263
10,260
10,240
10,236
10,222
10,185
10,164
10,122
10,120
10,117
10,101
10,96
10,95
10,83
10,76
10,73
10,70
18,1
18,3
10,32
10,25
10,12
14,1
14,3
13,1
13,3
10,8
10,3
10,2
10,1
9,7
9,6
9,5
9,4
9,3
9,2
9,1
8,17
8,16
8,14
8,13
8,12
8,11
8,9
8,8
8,7
8,6
8,5
8,4
8,3
8,2
8,1
3,3
3,2
3,1
2,2
2,3
2,1
0,9
0,0
51,34
51,33
51,32
51,31
51,30
51,29
51,28
51,27
51,26
