10,29
10,148
10,152
10,283
10,254
10,2
10,3
11,5
11,2
9,7
9,1
9,5
8,14
8,17
8,15
8,13
8,11
27,98
27,97
27,96
27,95
27,94
27,93
27,92
27,91
27,90
27,89
27,88
27,87
27,86
27,85
27,84
27,83
27,82
27,81
27,80
27,79
27,78
27,77
27,76
27,75
27,74
27,73
27,72
27,71
27,70
27,69
27,68
27,67
27,66
27,65
27,64
27,36
27,35
27,34
27,33
27,32
27,31
27,30
27,29
27,28
27,27
27,26
27,25
27,24
27,23
27,22
27,21
27,20
27,19
27,18
27,17
27,16
27,15
27,14
27,13
27,12
27,11
27,10
27,9
27,8
27,7
27,6
27,1
20,3
20,2
20,1
19,3
19,2
19,1
18,3
18,1
14,3
14,1
2,2
2,1
13,3
13,1
12,3
12,2
2,3
12,1
11,27
11,26
11,25
11,24
11,23
11,22
11,21
11,20
11,19
11,18
11,17
11,16
11,15
11,14
11,13
11,12
11,11
